14.02
14.04
14.13
14.03
13.95
14.21
13.85
13.87
13.97
14.20
14.11
14.18
13.97
14.28
13.99
14.11
14.13
13.95
13.85
13.80
14.10
14.10
13.85
13.91
13.97
14.11
14.21
14.01
13.94
14.16
14.13
14.17
14.07
13.94
14.19
14.14
14.18
13.81
14.19
14.18
13.82
13.98
13.83
14.13
14.16
14.10
13.82
14.16
14.18
14.15
14.24
14.04
13.85
14.24
14.26
14.17
13.84
13.96
14.14
14.17
14.18
13.85
13.85
14.15
14.15
14.17
14.15
14.26
14.14
14.14
14.16
14.12
14.17
14.09
14.17
13.81
14.15
14.20
14.16
13.90
14.14
14.12
14.08
14.00
14.18
14.20
14.03
14.16
14.17
14.16
14.15
14.18
14.14
14.14
14.20
14.08
14.00
14.02
14.23
14.13
14.17
14.11
14.07
14.19
13.81
13.82
14.13
13.99
14.05
14.46
14.40
14.37
13.90
14.22
13.98
13.90
14.27
13.85
13.92
14.38
14.41
14.36
14.37
14.35
14.37
14.35
14.39
14.36
14.43
14.58
14.48
14.41
14.37
14.40
14.37
14.19
13.92
14.16
14.36
14.41
14.48
14.44
14.36
14.38
14.36
14.18
14.37
14.38
14.37
14.37
14.11
14.07
14.01
14.06
14.30
13.87
14.02
14.19
14.35
14.37
14.07
13.87
14.24
13.96
14.30
13.86
14.11
14.00
14.22
14.32
13.87
14.02
13.95
13.98
13.92
14.12
13.92
14.02
14.37
14.05
14.15
13.88
14.32
13.94
13.99
13.88
14.00
14.15
14.00
14.16
14.07
14.04
14.37
14.35
14.19
13.97
13.91
14.11
13.84
13.88
14.16
14.05
14.14
14.31
14.31
13.85
14.07
14.36
13.93
13.99
14.17
14.21
13.84
13.85
13.86
13.98
13.98
14.23
13.85
13.88
13.88
14.06
13.86
14.03
14.17
14.18
13.97
13.86
13.95
14.12
14.16
13.83
13.80
13.94
14.16
13.90
13.88
13.85
14.12
14.14
14.31
14.18
14.13
14.16
14.04
13.81
13.82
14.16
14.15
14.05
13.87
13.95
14.21
14.07
14.18
13.86
14.14
14.19
14.15
14.16
14.18
14.23
14.21
14.17
13.82
14.04
14.18
14.14
14.18
13.85
13.85
14.18
14.09
14.20
13.84
14.17
14.11
14.23
14.22
14.17
14.15
14.18
14.12
14.10
14.22
13.93
14.24
14.15
14.21
14.16
14.17
14.16
14.15
14.16
14.22
14.17
14.17
14.13
14.18
14.11
14.15
14.14
14.17
14.08
13.85
13.99
14.11
14.16
14.16
14.16
14.16
14.14
14.24
14.19
13.85
14.18
14.07
14.16
14.11
14.18
14.15
14.19
14.03
14.24
13.88
14.14
14.16
13.98
13.93
14.22
14.19
14.17
13.90
14.02
14.16
14.23
14.12
14.17
14.17
14.14
14.05
14.20
13.98
14.20
14.11
14.14
14.16
14.21
14.13
14.16
14.15
14.21
14.18
14.15
14.14
14.13
14.17
14.15
14.16
14.08
14.24
14.19
14.07
14.15
14.09
14.14
14.13
14.20
14.19
14.09
14.19
14.12
13.87
13.89
14.29
13.87
14.29
13.92
13.86
13.85
14.08
13.90
14.00
13.97
14.16
14.05
13.98
14.23
14.04
13.81
13.96
14.36
14.26
14.09
14.25
13.87
13.85
13.97
14.03
14.24
13.98
14.03
14.09
13.85
13.84
14.12
14.08
13.93
13.84
14.00
14.21
14.02
14.00
14.18
14.16
13.93
13.86
14.13
13.97
13.82
14.03
14.10
14.26
14.14
13.88
14.31
13.84
13.99
13.81
14.08
14.29
13.86
14.22
13.81
13.96
13.88
13.89
13.98
13.86
13.92
13.88
14.27
13.94
14.22
14.18
14.18
14.05
14.09
14.12
14.27
14.16
14.10
14.09
14.36
14.38
14.41
14.42
14.42
14.36
14.34
14.37
14.38
14.40
14.31
14.02
14.12
14.02
14.09
14.53
14.46
14.38
14.10
14.10
14.22
14.04
14.51
14.46
14.41
14.38
14.42
14.46
14.52
14.43
14.37
14.39
14.40
14.38
13.99
14.35
14.13
14.28
14.52
14.56
14.42
14.38
14.46
14.42
14.43
14.44
14.43
14.54
14.51
14.45
14.36
14.38
14.35
14.41
14.37
14.36
14.36
14.40
14.37
14.05
14.20
13.96
14.34
14.42
14.36
13.91
14.38
14.37
14.37
13.96
13.94
14.35
14.35
14.06
13.88
14.36
14.39
14.39
14.02
13.90
13.92
14.37
14.35
13.95
14.01
14.35
14.36
14.36
14.01
14.20
14.19
14.37
13.98
14.12
14.42
14.37
14.35
14.11
13.99
14.18
13.91
13.92
13.91
14.09
13.89
14.14
14.01
14.26
14.00
14.22
13.95
14.04
14.03
13.91
13.88
14.10
13.96
13.87
13.92
14.04
14.08
14.30
13.87
13.90
14.17
14.31
13.85
13.89
13.95
13.88
13.89
13.80
13.98
14.15
13.93
13.86
14.14
14.07
14.17
13.85
14.02
14.22
13.89
13.79
14.07
14.29
14.24
14.06
13.93
13.81
14.13
14.19
14.07
14.31
14.22
13.83
14.22
14.19
14.14
14.21
14.17
14.23
14.19
13.87
13.82
14.20
14.11
14.14
14.20
14.07
14.16
14.06
14.18
13.95
14.15
14.19
14.06
14.20
14.18
14.14
13.98
14.13
14.18
13.80
13.82
14.18
14.14
14.16
14.00
14.07
14.16
14.21
14.09
14.06
14.21
14.08
14.25
14.16
14.17
14.10
14.06
14.21
14.19
14.20
14.19
14.10
14.12
14.15
14.24
14.10
14.16
14.19
14.22
14.13
14.17
14.12
14.24
14.23
14.32
14.13
14.06
14.12
14.16
14.10
14.15
14.17
14.19
14.31
14.07
14.06
14.16
14.10
14.08
14.02
14.18
14.18
14.20
14.13
14.16
14.12
14.62
14.19
14.15
13.99
14.19
14.10
14.13
14.05
14.10
14.13
14.19
14.16
14.21
14.22
14.14
14.10
13.99
14.19
14.31
14.12
14.15
14.10
13.95
14.17
14.18
14.14
14.17
14.15
14.18
14.20
13.79
13.80
14.13
14.11
14.15
14.21
14.17
14.20
14.13
13.94
13.49
13.92
14.12
13.99
13.91
14.31
13.87
14.02
14.21
13.86
13.87
13.91
13.84
13.29
14.22
